1.0 2.2184009561542757,2.3595683630654993,1.8448494994495541,4.696733657126028,4.646215956856672,-1.668424873976766,-1.7296616533854,2.4001462585369557,-2.8541816428428954,-2.9286398568270475
1.0 4.154408304469637,3.183211925493312,-2.144399136256961,-3.4506172451272485,1.2848328601899257,-3.7997028323250084,-3.7453883970109745,-2.345374875801491,3.5401808112168673,-1.8401319887783618
0.0 -3.948470407721327,-0.11629433929889886,-2.55168710901744,-3.8205756948831144,3.038736525096061,-4.421360298153015,-3.556468307834957,-2.520999571775681,-0.5957599367531694,-2.503436289898175
0.0 -3.0659709899999834,1.8198267899624874,2.5828673587150086,-4.702972668461235,-1.8039950448791127,5.307659912180929,1.8254190083270048,-0.9017067148244984,2.0842424796588146,-3.3097966314241383
1.0 0.06654962652237889,-2.653304117684394,-3.959071455499809,2.120224563639221,0.19798092974032638,-1.11438882447216,-1.9515826437820771,0.9416427597796906,-2.271409196089794,3.000649127887241
1.0 -2.3042426804859444,4.959234127256882,-2.409364038731205,-3.8775382494582087,-0.4761448626962401,-1.4637140444319152,-3.6275824439738726,4.491114428118019,4.108457895289761,-4.3251234873610045
1.0 3.2017940940217855,1.9465057166005553,-3.2701426901650783,5.2453601178657445,3.547394521790128,-1.064054750415284,-2.930025653732128,0.31752517151516113,-3.9092394605291316,3.578298934124392
1.0 3.347513072262334,1.3098046391626477,3.353348471059939,-4.4613793457727935,-2.3494980314655605,3.0100122512033365,-3.3746432414862415,-3.4114871386360024,-1.7205283133855853,4.721528949329251
1.0 3.0227377108246225,4.9409859862242635,0.32734589330894603,4.409658187037038,1.2799353507843132,-0.6070322007506916,5.794009795939544,0.15601119906538585,3.203679851508296,-4.276919176192366
1.0 0.348718199543758,5.172626660143866,-0.7081583046353687,-0.2680356210534531,-5.554559095203548,-3.535955690196127,0.012980300406581102,-4.437871090280544,0.5520781172621402,0.3825911183319859
1.0 1.3460545941686393,-1.5363604532198376,-1.2749204223380377,-2.4185994750185693,-1.894404100865671,-1.6019442861430122,-3.817432884599188,-4.681102893240269,-3.6260545640513087,2.0607839243150115
0.0 -4.752579123726209,1.1763686391508874,-3.996416440711028,1.5430042551848895,1.8079634884997928,1.0140189031731737,1.4363989902561523,1.706835173697528,4.248742094662925,-1.8758989319453168
1.0 -0.03487081856584262,4.470800063312802,3.4164906306702325,2.875844857124887,3.262804606160479,0.9296916011580921,-0.318530590079795,-2.608241731657829,3.2361367080534618,-1.3802471824655544
1.0 0.5500909326473508,1.4296073157586866,0.12597295459671876,3.026648182052019,-2.8079959480913566,4.435515320737783,1.8016471112657395,-5.188230143138497,-3.4846636641318454,-0.9698874581438612
0.0 -2.0792975474456297,-3.608120063019077,-3.265542857439052,1.9108691320089752,-3.7300495078531997,2.8275671775715185,1.2830887745893296,0.6724337965685312,4.630476531935832,2.559579550669896
0.0 -2.499637341255272,-3.928099264708236,-3.9764427246293605,4.399137833754916,-0.08265763171882823,1.0224218943533365,-1.0777295493437424,4.355105362262251,-1.2772507487954652,-4.712878070429413
0.0 -3.234710420836552,4.037165992356924,4.073329087067088,-4.898657457798757,-4.698541753617516,0.9528340379926094,3.9782754620940715,-0.4131675852522118,3.83240300150019,-0.08916564649298725
0.0 -5.033468090839872,-4.68318999856703,3.3156497381824597,2.469011493983166,4.5059894832433125,0.917560430020029,1.9582681252501117,4.076547324417078,4.632916430113282,3.025939965246889
0.0 -3.2141846917957078,-3.5216225294069963,2.0679198871968754,-0.7428418105418922,4.241367011400486,-4.878269005957353,-2.6836671885765018,-2.1932837559115876,-1.2914764299872605,-4.097692191958422
1.0 1.5996554670770715,0.22502460879139596,-4.014151965947537,-1.2350216140579908,-2.6705497767642914,-3.4470369301408517,-3.0565150913386443,4.154905735232076,-4.27631983485725,0.4552562172175882
0.0 -4.146547877590574,5.202809709318779,-0.8577346181222656,1.7419088655781931,-1.8982705349892108,-3.5310822424019905,-4.3148994124011715,2.990497411550341,4.976297059763131,-2.849256883516234
1.0 2.4774384302003614,-0.088062126558813,-0.6680571512582603,-4.001255506516772,-1.4671017948186273,-0.12218865471110305,-1.7531321822373638,4.595142342270205,3.0760534667716586,1.3932549179267106
1.0 4.5289052312323985,4.529624827263814,-1.7192558023385607,-2.6018497342464357,-2.4874946339739825,0.3539201361968599,-5.56520556301427,-4.198977291455504,-1.637704149610372,-2.3721295479765714
1.0 2.171945248309985,0.11323134663366508,-2.7399788874956377,0.15596883356311303,0.22131929106989612,-3.406786794556161,4.219851812550367,2.4154810497052455,-0.8907669551043697,-4.220076108634333
0.0 -0.5838842254425299,-3.6300048397287923,0.9810633587269442,-0.8026845513244067,0.1271334639778251,-2.5189593103050134,1.7907110685985734,3.9416981956546646,-0.4746367121705224,3.8405226991487336
0.0 0.6458455857435066,-2.117586286396514,0.27478934731658355,1.0031891007598663,-0.33528056364671516,-0.4110235635817052,3.699087972967464,-2.1664995049774296,-1.1043331465620168,-1.4568336167041307
1.0 -1.580196871208014,3.5785970504085345,-4.1512193559924055,-2.5516089657415164,2.8325331587976716,-3.7022577109753088,2.919774209618704,3.5609047622853707,4.341547379466046,4.811039351889925
0.0 0.6681026839035854,-0.844202266330725,2.610101780475583,-2.5874025521379393,4.368406615716427,-4.175293121408682,0.4488032744331916,-3.617717025753362,4.889720417789199,0.10811880907717386
1.0 3.6005001909235608,4.244341895908978,-3.6678440608595357,1.974576985681697,-3.638730276534829,-0.7408731000792008,-0.5591531529655565,4.269966934680268,0.9426660662269077,-3.504456137728823
0.0 -3.739137836307413,2.486983823028468,1.028309447816119,-2.490214745535066,-1.9565402481899894,-2.447552354840707,-0.41631373790980025,2.9235106309601187,3.899378166581091,-2.920688909557212
0.0 -3.539128079842939,-2.6386500638277237,-2.819780620323492,-1.2924478486017965,-0.7731995470390958,-0.16102290277983844,-4.450383321106989,0.6574543062027062,0.829352084270955,1.0348909062287364
0.0 -3.376510902435631,1.059132169486496,-0.5973217639487609,3.5796772178213967,3.0632872160626006,-1.0527255710187513,-3.4242441203833076,-1.6235373806037159,0.4171142074575446,3.622933853546968
0.0 0.3153679210319108,-3.4766881284133113,4.751464885042803,2.7945565023342236,3.2000374745755966,4.050115117560211,1.9889898941453699,3.0881041012088817,-4.9590354052081285,-3.5166227883239425
1.0 -0.6557212034079124,4.016607873155116,-0.14381886187106568,4.929685953666141,-2.778004846730559,-4.627137958725956,1.232421910309096,-2.7637721855924435,-2.0454638745834464,4.152669841641648
1.0 3.2140800234857005,-3.466056475155915,-1.265239862113912,-1.2962861556155056,1.6340219945520786,2.627332297486477,-2.408598361817636,-1.9795199334458047,1.6865783518815143,-2.2652255818750158
1.0 4.511891204873927,-2.716882208384676,4.272520986281145,-5.626525927198607,-0.4005046024890424,0.02830676636608101,3.012525503932665,-2.6087576741416867,-1.624944854017147,2.245164456634543
1.0 4.505562959741247,1.5576918083036668,0.06803360937833824,-3.085182145630821,-0.4154019673510587,3.5132275618504485,-2.4810342787839423,-2.6590173299228343,3.4845665497213276,3.7604766321087593
1.0 0.2967255097084976,1.1528292829101665,0.36339613578801566,3.16065719973556,1.9726365311857323,4.205149866999832,3.002717922670712,-2.7426455674278056,1.803075235986814,-4.006621934042793
0.0 -1.7777230581530277,-4.95604379903613,0.21104546983550682,4.175960389524564,-5.049676617149034,3.149143255494622,-2.127977219612738,-1.0573117457660686,-0.7467047212909426,-5.230143954709178
1.0 3.4613462179069345,0.9424910677712851,4.976667937959886,-1.1755836145729388,5.4712566810546885,0.03294084694302951,4.331203948660283,-2.173339036858395,-1.273965463566697,3.1091638596539086
0.0 -2.172353649306901,-5.615964575379045,0.17774109789786585,-2.7584574498433883,-1.7657878224982653,-3.867561697286812,-1.5047669748058476,4.020683322686408,2.651282892342101,-2.7743134437403434
1.0 2.82514941707402,-2.1446208485491693,4.56649974685307,2.0118819611748298,3.1465667932522825,4.907044125185289,-1.3005865665993648,-4.000256215428593,2.321620823794996,-1.3031767041321731
0.0 -4.5717605748353,2.395159167261527,0.956854227425273,2.7444188371915086,-3.317908829922738,4.662820319787361,2.173366363187746,-5.344372401894666,1.4949582512883477,-2.9399266180272137
0.0 -0.5614741606862415,-5.149993966418045,1.6047151486812328,-2.070736069590029,0.7116149490051512,-5.04325681241925,0.6485630628477671,3.46780199402765,-3.9154071510179413,-0.9853678588766885
1.0 0.34286671236496147,1.6224378716165102,3.695968243350804,-0.47223219257897864,-3.6809854049171036,-2.905540796704378,-1.729617299184777,3.240049088353932,0.21889434303205002,-2.0608731860925706
0.0 -5.6502865992143,-4.903080639073212,3.7132839615106588,-3.1630690457025654,-4.443902558647156,2.663557744356509,-4.646955948334327,4.496974577560085,2.429553989485908,-2.7773469107929647
0.0 -1.3076653160844307,-2.8254467437288566,0.5100085459931171,4.515005175645687,3.2335059644697304,0.028181743572562146,0.9003652195976206,-3.6693705075199694,-3.28745705573601,-1.9564640412854735
0.0 -4.554196202066155,5.2322455840784725,4.108284296199443,-0.9403733620818184,3.423111017053645,-4.23544737237642,-3.5819352953876598,2.3577716050769504,-3.800068595577329,4.636741178992353
1.0 4.32601686909631,4.682591207317942,2.6745493790207484,-3.682388575155358,5.129124761557331,1.1868625826693284,-1.588605656518249,-0.4968014055268596,-4.201567109325992,3.6607205023339295
0.0 -1.8312305571787875,-1.1173333552418885,-0.0860455413379268,-2.3724193602921027,-3.709036259364047,1.2676844060982493,-0.7695220324079003,5.588046211679395,-3.736020902334759,1.7828738622380567
1.0 2.398525805500645,2.528326831065593,4.31209511704761,-2.1023989862448924,-1.9457600803400605,-3.92235371345437,-1.3495929141922414,2.2514406598396297,1.64330256227045,-2.8939087958030187
0.0 1.0283288071118912,1.6336085474957815,4.355703333886088,3.630918267722987,4.190504804719676,-2.046494563363967,-0.6054906398238453,-4.6680023573931715,-3.0219293866420056,-0.9583986664231082
0.0 -3.0305886076202797,-4.506662267161931,2.987923405888621,-5.333491578037788,2.4713448110288785,3.1066927139946476,-0.6950278695477662,1.0435112145919119,-0.12278298938466993,-4.132893465181413
1.0 -1.1176403535085242,1.7614541385272036,-3.186331234390585,1.6497402155146688,-3.5558263366617773,-5.19196215239908,-1.440430600849142,1.041573057835568,0.16132674478056258,4.251338826615165
0.0 -2.3764735757096536,2.2707921089798178,-4.893238133772164,3.7548861617191718,-2.32788305879896,-1.3261071737551575,0.15988533190936066,-3.4503924842651608,3.676544663351586,-4.306031753599257
1.0 4.540708058535354,-2.988803051746901,-1.491391313016479,-2.9907779959713228,4.442339832030701,-1.2849530042291248,1.975152521468276,-3.0477351909985573,1.2793866959805626,-0.9940520099792255
0.0 -1.6932017127616634,-0.776398325320719,-3.2551901171125173,-3.801108120855549,-2.2631451504037803,-3.801923170643864,5.02182160634902,-2.897702023376216,-1.126041534687373,-3.2196603251661298
1.0 2.751004944999387,-0.699204334960153,3.5187757748438515,0.6975558256706185,0.8597685995729885,0.4739413145499486,-4.2334732544377305,-0.2699110707886977,-1.8670733634699483,1.9229913596447168
0.0 0.1593586391100448,-4.394388159401305,-2.7748454817646926,-3.9309536352748675,-1.4774435972480136,-4.565342825457765,-4.282731974538028,-2.021698849179897,-1.2396281409761127,-0.6188567396221996
1.0 1.2846407517816467,-4.000089572613214,-3.6248669832569487,-3.225738253636307,1.6559925276378467,1.0842725301736182,0.3324992906860469,0.3745789714884502,0.5005896126452455,-0.9680626470061919
1.0 3.5895860013902907,-2.305411220722565,-5.195388756358431,-4.074453947384852,1.3505913274202999,3.8982813501946163,-2.664852793558282,3.893767504112531,-0.26510686489381174,1.5776217835260316
0.0 -2.449180266627942,0.3488597918756358,-3.930135277902957,-3.826346711826009,1.6898234163267134,-2.79260456329921,-0.2197946777898702,-4.697838105516807,1.4722673712332097,0.2125672696298388
1.0 -1.941752154839135,4.39951731959257,0.11029088235473988,-4.123892403822126,2.6646059565775166,-4.128101516210261,3.45733031528449,4.393715211492143,3.754200605771058,5.112629605679718
1.0 1.4825637277330532,3.5043036144464246,-4.253335284628678,-1.5968974998454817,-1.4852672035620254,-0.8201907905718033,0.3568068739587005,2.0023176160719,2.614004437941721,-0.3650387534457363
1.0 4.443241870619206,2.9409733821247035,-3.621389053596441,2.35426825052752,1.0434390461919354,-0.3951909182727901,0.2067901766516443,-2.4815323012971993,-2.554338289214683,-0.8226728311630693
1.0 2.0296157337126943,3.661497237024971,-2.4671756143162127,-0.9448438955349944,2.942974238477749,-1.5470068945049114,-0.8456419948758584,3.665277775902483,-0.28891887898165397,4.339162380949494
0.0 -4.356941763849359,-0.2927498102243251,-3.5840410939410114,-4.374992752816989,-2.0409867909952393,1.1727938562075269,3.3702581650226047,-3.956562874145589,-2.869571228946792,-1.470803594230474
1.0 0.2887687859079555,1.2413632056759687,-2.6566674387325624,4.783723674510847,-1.4138801994299428,-2.9895794257493273,3.206700706104,2.459046219030579,-3.7867490660281673,2.0328635984029995
1.0 0.7443322402798624,2.35368336477522,3.6059491946840523,1.425822728563782,-4.949826537567593,-0.661452786026341,1.0056439524449963,2.0778763083039022,4.084283701540306,-0.7464262742848318
1.0 1.099100149314107,2.4513150959041656,-1.4397601113189653,3.9137402846789655,-1.61929389957531,0.8664078431157234,-3.504882067719993,-1.689120394038051,1.9324408275821245,1.4701335742648425
1.0 3.8819196344799902,-2.077735418673306,-5.489907479271402,0.4110813783108043,-4.8810784468401245,3.6457217139802025,0.5514683965242274,-3.168114100043028,-2.452672642175184,4.976166468316263
0.0 -5.378043551884069,-2.517779226510466,-4.444491842214192,1.8690122962740676,-3.3542287236726995,0.15701234178761103,0.09581006445482787,-3.0539757643604424,4.281185913618997,-0.6178483427139
1.0 -0.031300154363060724,3.5913513386662888,-2.181561338023458,3.8309549099986366,4.910157335751669,-1.5257183583712237,1.9319474523318851,3.165586670757573,-5.413262726974839,2.3060975637075325
0.0 -4.768795803836884,0.026421567281665725,-0.24673276521370485,-2.5653611547697333,-3.005915271197313,1.0410024028823859,2.682878744184764,1.5718771862699998,1.3757419318434163,3.721375251137056
1.0 4.450624717116976,2.371383848936179,-0.9530056385047692,-3.550456923784743,-0.6340071204431377,4.5842514218888395,-4.445642613354698,3.2560226169884667,-0.3294506237207343,-2.736690723282698
0.0 -0.657662261779529,-0.17596469977696136,3.945582685460505,0.8046742053532954,-3.8833341284246523,1.586162051830219,-1.344679833055102,1.1678522316893503,-2.5659765042132143,-2.161189404682061
1.0 3.026637949965405,2.180995542977788,1.8202927722554751,2.099525879597827,3.3284403612865967,0.9906007412840999,2.2024508009469286,-3.866689389753307,-2.6068218648360375,2.714278567125711
1.0 5.033410441529299,2.3862049120343385,3.431708647709988,-1.6762340203949642,-3.062373969431784,-5.129796139888067,-4.364862222055422,-2.162029949510891,1.713618202437327,4.8749167730512575
0.0 -1.923257239203752,2.462897401288271,-3.4348852534443743,-3.750510760492025,0.19862087398786699,0.5286402031330555,-1.1044552731551813,4.486163701008696,-3.169920841835279,-4.5766463832170405
0.0 -4.034970924558307,-4.341790014572711,2.4692008673651498,-2.1581870971065324,-2.1045951504808866,0.24653322852548154,-3.7851259987001757,0.18030266786569377,5.097999281326,-3.1207542540976685
1.0 1.7305382840645975,-2.77238828523471,2.4436669527239836,-3.2301572752635175,-3.209657214002676,3.0762687183107733,2.960694141565265,1.443127985715666,3.3800081090012615,-2.353056982738174
0.0 -5.590518802750321,-4.740515194997817,-4.167350388613127,-1.7181499524549437,1.9941425648833067,-0.19415650112032512,4.528799740835079,-3.9729969073095504,-2.3948635148616115,-1.662089666805089
0.0 -4.362598612680583,-1.863472943453801,-5.181709045150823,5.275085848627709,-3.888959888497043,3.550316270747387,4.73157563019984,4.164164481317314,-3.036616091792963,-5.829353321482148
0.0 -1.3103865770990868,2.336233942619931,3.9606349535747367,1.033169147419863,-5.343695727990505,-0.31834683143002024,3.24081248694229,-1.5059844340573765,1.6621372547236117,1.2468301037383416
1.0 1.5981144428284564,1.755147676590009,2.330153542451833,1.8489000949359007,-0.37588697999825343,5.079197077777361,-0.9540098681748266,1.5709070726566035,-0.47496708856625924,-5.237969141356364
0.0 0.8433231808257144,-1.8285298482027321,2.9492855980367283,5.858550514495381,-1.6800477423107487,2.979955182152631,3.0511131885804823,3.8740435394361095,2.0083246017038165,-0.8272012286004696
1.0 3.90884251806584,-0.7593742352627781,-5.203388850869145,-3.6631795020853373,0.8871069672546338,-0.1904373824206381,-4.264041778998914,1.7143973857854933,5.427530781737358,-2.409290618584158
1.0 0.27572034686328023,1.8014746690850445,0.2032698266301792,1.3386507887822165,-3.0064359322199077,-1.431473411005331,1.8938703020350114,4.921562267979115,-2.900266067280517,-0.027246651198155336
1.0 1.8383966949490316,4.0254970794068905,-0.44567837617699496,4.980130492888658,0.5150162628061533,4.000015166102082,-1.94849073598736,1.873569315795025,1.5256400885732013,2.141883731256308
1.0 3.1942221302175695,-2.650658793144979,0.5775124378673134,3.345127242700104,-1.8147432584444996,1.6687338648990226,1.8710780361921415,4.545903632374574,1.3480902089000975,0.32023695184178014
1.0 2.1845081213678124,-4.501882067673481,-3.884410869229355,2.2806291274440027,-0.678641678239519,-3.19789446116247,1.4555724998915038,-4.012746269234101,0.07295712371801563,1.088268417539073
1.0 4.807802974249693,-1.1264116019027164,1.2941121828994033,-2.6914364629845107,-5.737263727744244,4.813645602536625,3.031406113563494,-2.8169016819738397,0.11416154649501009,4.621479627855903
1.0 4.6461986980182,2.849404256020918,-2.1124416564523276,-2.421496986202268,0.2567374568682048,0.8405078017854528,-3.7736932001426227,2.5809078749335437,-4.833267406295731,1.662688700043441
1.0 1.5824262051883915,4.9230105962904,5.691290443546887,2.3112006127050564,-2.244292001231525,3.752538913807231,-1.008657070421142,1.5708267263813922,-2.9019874213509254,-0.0018665441792759252
0.0 -1.5047463456687322,-3.989058466576017,0.6901567525963336,-4.359017000677359,-3.2975867821440916,4.9117706840414606,-4.03282077695707,-0.6695664824559351,-4.283010946608917,-2.2438558179235333
1.0 4.460822044864257,-2.8117154785538787,1.1084805723070663,2.133262443004416,-1.4621495482233193,-3.468436161999969,-1.6831355694764256,-1.1470493575420477,-4.4045018779292855,-4.720938635456944
0.0 -1.668625330745455,4.55091528708429,0.26918921983937566,3.876019462061013,1.0535155997438654,-3.694121639475719,2.971128572540753,-2.9747092294198207,-4.56295244918775,-1.403245059646414
0.0 -0.18174755624412103,-5.536961107384564,0.45258960430917056,-4.949743935637655,-1.586947208804014,-3.7899143967638826,-3.7504578489989946,-2.106440740129739,0.9442402633852147,-0.6246635782377676
0.0 -4.072763748762803,-1.4839883046807847,-4.216495174720168,2.8279677299758705,2.488053414044118,1.8761724558958026,3.8219895445095715,-1.1055412641572415,-1.483574000111422,-1.7445449896117142
1.0 2.252367372025822,-1.522738579127978,1.8384908108058589,1.494486525070562,2.290364105629293,0.8500397097636444,4.5100135817884786,-3.55285499480278,-4.299402764105944,4.995091567554575
