0.0 4.0,2.0,2.0,2.0,1.0,0.8060225109830121,0.9043923203457621,0.8116905753399468,0.35912458818647686,0.2256564761176031
0.0 4.0,0.0,4.0,2.0,0.0,0.3174627045068653,0.4080725200940991,0.11960238720709471,0.0206591563493127,0.5107129873213109
1.0 1.0,0.0,1.0,2.0,0.0,0.8748641954893166,0.19042654881248366,0.857665932561553,0.33267885284675436,0.09464859753727106
0.0 3.0,3.0,3.0,0.0,0.0,0.7441546064435075,0.5281387044690672,0.12296083447015871,0.6431268020527613,0.3431821436883029
1.0 0.0,0.0,2.0,3.0,0.0,0.47255473232438194,0.713028916587745,0.5228511441849288,0.7584827946944659,0.92934888365352
0.0 1.0,2.0,4.0,2.0,0.0,0.7095954238524973,0.7608260645422651,0.7406665173864182,0.0419482183420713,0.008893637032407864
0.0 0.0,3.0,2.0,3.0,2.0,0.03834621441032948,0.3453249053828801,0.38940267268428197,0.8975378221968519,0.7409535809568671
0.0 0.0,0.0,1.0,3.0,3.0,0.08817074129683777,0.5902777498011285,0.0630934348121418,0.2115490394120484,0.522582837507267
1.0 4.0,0.0,1.0,2.0,0.0,0.8189412216652177,0.9828346476495025,0.1656850238960108,0.05951156721215045,0.053271020048675566
0.0 1.0,4.0,4.0,1.0,3.0,0.5636579807700236,0.23830821864888452,0.5215479181949323,0.1858058774117246,0.4974345351823338
1.0 3.0,3.0,4.0,2.0,3.0,0.008335620576923719,0.5001954321688215,0.07013378973247009,0.23305672034874458,0.9270751375686275
0.0 3.0,1.0,4.0,2.0,2.0,0.34744973592682693,0.02076033189993365,0.6676337319129354,0.20479486632638233,0.1295536369486575
1.0 1.0,3.0,4.0,3.0,3.0,0.4045198906190576,0.8289383027800361,0.8323055956878792,0.9219447117014364,0.8263273005083089
0.0 4.0,4.0,4.0,0.0,2.0,0.47431750420489727,0.8393091002696246,0.8204588249082417,0.6326969328306155,0.8822377908759317
1.0 4.0,1.0,3.0,3.0,0.0,0.6203221846928646,0.4180824674224487,0.10662978076278384,0.04032318117683287,0.7697556353638857
1.0 4.0,3.0,1.0,2.0,4.0,0.8629208912515978,0.3272771679678562,0.9473661277939441,0.8241916244903988,0.814974034416199
1.0 0.0,3.0,0.0,0.0,4.0,0.9726679743714807,0.7785563685706923,0.24379181797853822,0.8669061680252201,0.2705661688586116
0.0 0.0,0.0,4.0,0.0,1.0,0.6169687271772826,0.3028883368108366,0.8221944687521939,0.5223776951188828,0.17025155966066174
0.0 2.0,1.0,0.0,3.0,2.0,0.02878949598397529,0.7269055530647619,0.3311163010721585,0.004578480146046338,0.4501346376819908
0.0 1.0,2.0,2.0,1.0,1.0,0.30404741063387986,0.9356638315301034,0.5238258443105763,0.6440248925927362,0.4981002360175527
0.0 2.0,4.0,0.0,4.0,1.0,0.5656116168035118,0.7304170968727315,0.6936267723478257,0.7277935272012139,0.9849031794711776
0.0 2.0,0.0,4.0,3.0,4.0,0.8562589147355496,0.36622333328785095,0.8456829035627702,0.7205343768640554,0.446604561767206
1.0 2.0,2.0,3.0,2.0,3.0,0.6612053535885298,0.7691802808636836,0.17911723209857888,0.46733952369151277,0.896627876628449
1.0 3.0,1.0,3.0,0.0,3.0,0.3882367322971506,0.7536288222395229,0.9870448021611168,0.2820631553271652,0.2701996928828283
1.0 4.0,2.0,1.0,0.0,1.0,0.4975303353695184,0.9019294900544496,0.002341433680258409,0.5139420533265141,0.564515142359481
1.0 2.0,3.0,3.0,4.0,3.0,0.059202501080743986,0.19767837453911286,0.7419819138504623,0.7342460178357525,0.34537467264273736
0.0 1.0,1.0,3.0,4.0,1.0,0.47761034260573765,0.3203967863454409,0.19528096604267464,0.34171221496092785,0.7124549067684591
1.0 1.0,0.0,2.0,4.0,0.0,0.6297800019030408,0.9645310826846855,0.20894952887759577,0.9625946676309468,0.9494717664621058
1.0 1.0,1.0,0.0,0.0,4.0,0.9224865128420741,0.7902823130955529,0.0017569747270294034,0.6762634843471395,0.14641883230823682
1.0 3.0,2.0,3.0,2.0,3.0,0.9222315189986311,0.7867051129180969,0.18283574006755665,0.8721735488999547,0.7404452827789942
1.0 2.0,0.0,3.0,3.0,2.0,0.6385773213021052,0.20111812559645137,0.5204396927342854,0.9552768351628218,0.9447358599325065
1.0 1.0,4.0,2.0,3.0,2.0,0.5973471647475828,0.6866236828723064,0.14655123203908582,0.5070852586133922,0.3866433595756704
0.0 3.0,0.0,1.0,4.0,0.0,0.3408684579002019,0.7515594029862738,0.6177456009610977,0.4792312473671807,0.6878259276965213
0.0 2.0,0.0,4.0,1.0,3.0,0.35829082588382066,0.8955634481886049,0.5072320210912817,0.352464384984849,0.5144126080636208
0.0 0.0,1.0,3.0,2.0,3.0,0.806635566982026,0.9776313582910695,0.044589744339053605,0.63889015872005,0.11199083132925625
1.0 2.0,3.0,1.0,0.0,0.0,0.5100398450540697,0.3974460218186483,0.9852095582498961,0.8314641906733902,0.10176583344416423
1.0 1.0,4.0,1.0,2.0,0.0,0.05884077181115832,0.1819290691132538,0.21311347222644705,0.6780154672715116,0.2418335843840761
0.0 3.0,2.0,4.0,2.0,1.0,0.7105125923173891,0.06207664303005411,0.3090007084053291,0.5718419197498779,0.6038303989189694
1.0 0.0,3.0,4.0,2.0,0.0,0.9852054342094059,0.7964679232186664,0.21539805660658184,0.1375465609711326,0.1779799228943073
0.0 0.0,4.0,1.0,3.0,4.0,0.08659288227913486,0.8916242650362988,0.562517106555103,0.2650403276673139,0.9311560545863231
0.0 1.0,4.0,4.0,1.0,3.0,0.746965062849333,0.9079400598600263,0.43211954172359146,0.6139939843816968,0.643372409473234
0.0 4.0,2.0,3.0,1.0,2.0,0.3764350715631205,0.9070177849930883,0.4542796727512367,0.7295486188102045,0.2871483595693658
1.0 0.0,4.0,4.0,4.0,1.0,0.5075986978197955,0.4971975518651388,0.661247334314309,0.07975111062134366,0.18363741568700154
1.0 2.0,2.0,3.0,1.0,3.0,0.17729348338193351,0.7213206572278115,0.6892340800932413,0.211183762407126,0.3751817685556831
0.0 1.0,2.0,2.0,4.0,3.0,0.5147988760597662,0.4420058835129844,0.17214505575340255,0.5302988909005468,0.5051843871469601
1.0 2.0,3.0,3.0,0.0,3.0,0.704672124110633,0.8706932208674434,0.9036191266637267,0.91520126719019,0.3276945131963702
0.0 0.0,0.0,4.0,3.0,3.0,0.45392030624220525,0.6005063873593928,0.335493606390305,0.8938360963492876,0.8421653774640868
1.0 0.0,0.0,1.0,4.0,3.0,0.6086745492772012,0.26604675420011636,0.5872156355705399,0.5637021990831458,0.1559606225773068
0.0 2.0,1.0,0.0,4.0,3.0,0.7147282539779579,0.7711067249156078,0.40840942105602906,0.7284077712887189,0.46152168006139505
0.0 1.0,1.0,0.0,1.0,0.0,0.8004288259796319,0.30678335420603653,0.10003694715121658,0.5064299666782323,0.5151710246104393
0.0 3.0,2.0,1.0,4.0,3.0,0.09680990627877695,0.2951273721574522,0.4388338122083165,0.10562377316930005,0.9233885911546365
1.0 1.0,3.0,1.0,3.0,0.0,0.016092273679821023,0.05950294019124491,0.45025657879674597,0.11505108920235463,0.5133169314027772
1.0 4.0,2.0,4.0,1.0,2.0,0.020779816328630685,0.681393508345254,0.7718590923379991,0.5730077261344648,0.9037116272230343
1.0 2.0,4.0,2.0,2.0,4.0,0.9117934310667953,0.21785156414724394,0.9526635423888544,0.7265299660348042,0.5267574540105566
1.0 4.0,4.0,3.0,1.0,0.0,0.7711347141850265,0.7247530883370645,0.5063531195995383,0.6506417093594259,0.22164790173268767
1.0 2.0,0.0,0.0,0.0,1.0,0.7417362304566638,0.3923240873893675,0.22160350216858982,0.6124376669196522,0.6575528955769655
0.0 0.0,4.0,4.0,2.0,2.0,0.15485026369819876,0.2925658754173164,0.9238990819576601,0.9962966932137634,0.007813500907409177
1.0 4.0,1.0,1.0,0.0,3.0,0.00213879169897635,0.6927312822523599,0.959656521141837,0.7897117530047988,0.5933664565112262
0.0 0.0,1.0,0.0,0.0,4.0,0.9473321251270248,0.24652100912243113,0.5700875901267797,0.4556590235927981,0.08460531482159406
0.0 3.0,2.0,4.0,4.0,2.0,0.9428453213218627,0.5785844549949642,0.4160490190456433,0.932593778645048,0.6690868239639661
0.0 0.0,4.0,2.0,4.0,2.0,0.2746176537629429,0.6101225697218218,0.810299148240532,0.36485890239758767,0.3472847261628109
1.0 1.0,2.0,3.0,1.0,1.0,0.2585204944322925,0.5608511669656694,0.5764367260016015,0.3069476219559266,0.20462358649175216
1.0 4.0,0.0,4.0,4.0,0.0,0.5510913203308673,0.532867301941391,0.5641549486395359,0.18321114453887888,0.8652066220955063
0.0 3.0,2.0,1.0,4.0,4.0,0.2470838889474024,0.4720535384913065,0.19750571129725292,0.6838002608655062,0.32006762457442384
1.0 4.0,4.0,2.0,4.0,4.0,0.9392528197554729,0.6107509623796613,0.39152228605547723,0.4638200087949562,0.08609207405930597
1.0 2.0,0.0,3.0,4.0,2.0,0.03255731225440517,0.4113751799288373,0.575827390338777,0.07795459557499018,0.7022002397079072
0.0 3.0,1.0,2.0,2.0,4.0,0.2554725124368078,0.576466146253446,0.37104340551126125,0.7895648559929839,0.5680074371627045
1.0 2.0,1.0,4.0,1.0,2.0,0.35700900682488046,0.16198288577091158,0.6193696515178307,0.22114917689378177,0.6661488064378184
0.0 2.0,0.0,0.0,1.0,1.0,0.83792826368219,0.22902269988629653,0.277823739351722,0.6956417433672352,0.9431906782615977
1.0 3.0,0.0,0.0,3.0,3.0,0.016469951317587994,0.3514431029920835,0.7591883348300403,0.4378908215021292,0.004482353672978667
0.0 2.0,1.0,4.0,1.0,3.0,0.7756721329138379,0.06457791516039435,0.4278348422379823,0.1102740453529576,0.7269395620927314
0.0 3.0,4.0,2.0,0.0,4.0,0.4268656683916118,0.7065066837425752,0.9190474972849797,0.49877438788253825,0.02444167753722304
0.0 3.0,0.0,3.0,4.0,0.0,0.2238714873972698,0.9096035916038969,9.630159074909272E-4,0.5305045881422291,0.20314556726675004
0.0 4.0,1.0,3.0,3.0,1.0,0.2812056302545938,0.9286593012150127,0.17436223844355725,0.8864025401025665,0.6281291924823307
1.0 2.0,2.0,2.0,3.0,4.0,0.9308281236309198,0.44088276763049716,0.3525801974009434,0.6821949768703677,0.4065009293956987
0.0 1.0,4.0,4.0,3.0,3.0,0.44075382652484507,0.4735455855950398,0.23136895911309485,0.4909170832782688,0.46549009588985746
0.0 3.0,2.0,1.0,3.0,0.0,0.97623047287113,0.8009158864078151,0.3858913440368622,0.5891299521400577,0.4495517257565175
0.0 2.0,1.0,1.0,1.0,1.0,0.5186952920669354,0.3798266500681293,0.12304699492989701,0.9596726657239202,0.6691222482626932
0.0 1.0,3.0,2.0,0.0,0.0,0.20171626261508613,0.7145594025027072,0.3495035587991282,0.7609763712000502,0.26561385422083694
0.0 2.0,3.0,2.0,2.0,1.0,0.41798118492417113,0.36514129952504004,0.475620190421557,0.1731269192710575,0.22231751922939358
1.0 2.0,3.0,1.0,1.0,4.0,0.4755441287661867,0.7466684733211424,0.12096199570615473,0.04904588853885028,0.1840592034159383
1.0 3.0,2.0,3.0,2.0,0.0,0.6989192870589834,0.9107478422394913,0.2610589564481771,0.45975390234015934,0.5611491365806912
1.0 4.0,2.0,3.0,0.0,1.0,0.1560278904767316,0.9619196410080506,0.3611682374560534,0.6523353137050174,0.1494343969266514
1.0 0.0,4.0,3.0,2.0,0.0,0.7581183429133336,0.2417384832604782,0.07611691016176336,0.19210817097324673,0.1597308512167157
1.0 0.0,3.0,4.0,4.0,2.0,0.6154750295805362,0.8547488538757376,0.158497605985934,0.24066236632491067,0.8584772497472248
0.0 1.0,3.0,2.0,4.0,3.0,0.9349565555745778,0.4072648892995482,0.37468268362346113,0.32026527306377106,0.3422614227601125
0.0 3.0,3.0,0.0,3.0,1.0,0.9687102365876668,0.32580374635699694,0.24499502204113177,0.3093257879641568,0.5184729598296637
1.0 4.0,0.0,4.0,2.0,1.0,0.060323741695542554,0.9076369086693673,0.5018976085155862,0.5772599109783371,0.637480304117699
1.0 2.0,2.0,4.0,2.0,2.0,0.8036944933777692,0.1469541163503787,0.40543347808726515,0.04289448919429939,0.2980691456924953
1.0 4.0,0.0,2.0,1.0,4.0,0.9488801166006153,0.3653984947649582,0.39035304870641074,0.4157334789081024,0.19186672731521248
0.0 0.0,1.0,2.0,2.0,3.0,0.7294428820299624,0.9865021006728185,0.6958169380041804,0.23548339819979136,0.554204993170017
1.0 2.0,4.0,0.0,1.0,3.0,0.4255903138133412,0.15543786615593214,0.7899974147960044,0.8964688115895725,0.2802674974039192
0.0 0.0,1.0,3.0,1.0,3.0,0.7566042275928906,0.7773035115655162,0.12878022900224206,0.5728897437717709,0.2816221460527282
0.0 0.0,4.0,4.0,0.0,2.0,0.07818420048875852,0.593182807187785,0.6828945064558228,0.9821247021100574,0.6508671260071347
0.0 1.0,0.0,4.0,0.0,4.0,0.31644906958498953,0.2633941111015886,0.7101281267185682,0.8504270758944695,0.17727464468573817
0.0 0.0,2.0,3.0,3.0,3.0,0.8483441394417593,0.6469329221546077,0.5407275498875457,0.17061802434366735,0.08681354038562428
1.0 0.0,1.0,4.0,1.0,0.0,0.774587507760051,0.026181302378793903,0.08224189699726103,0.6124828299846239,0.6099715030990706
0.0 4.0,1.0,0.0,1.0,1.0,0.11542727420783483,0.32200714843607636,0.029930614917938025,0.21868691678109708,0.4250511255210222
1.0 2.0,4.0,4.0,4.0,4.0,0.5686452023571433,0.2826264665711168,0.7250742427165915,0.6729945833979485,0.9725909333144112
1.0 3.0,0.0,1.0,4.0,3.0,0.6825031936731313,0.16412306543100585,0.7790499745915481,0.12733706692432323,0.9083779068399708
